{
 "cells": [
  {
   "cell_type": "markdown",
   "metadata": {},
   "source": [
    "# Understanding Over & Underfitting\n",
    "## Predicting Boston Housing Prices"
   ]
  },
  {
   "cell_type": "markdown",
   "metadata": {},
   "source": [
    "## Getting Started\n",
    "In this project, you will use the Boston Housing Prices dataset to build several models to predict the prices of homes with particular qualities from the suburbs of Boston, MA.\n",
    "We will build models with several different parameters, which will change the goodness of fit for each. "
   ]
  },
  {
   "cell_type": "code",
   "execution_count": 1,
   "metadata": {},
   "outputs": [],
   "source": [
    "import pandas as pd\n",
    "import numpy as np\n",
    "import seaborn as sns\n",
    "import matplotlib.pyplot as plt\n",
    "from sklearn.model_selection import train_test_split"
   ]
  },
  {
   "cell_type": "markdown",
   "metadata": {},
   "source": [
    "---\n",
    "## Data Exploration\n",
    "Since we want to predict the value of houses, the **target variable**, `'MEDV'`, will be the variable we seek to predict."
   ]
  },
  {
   "cell_type": "markdown",
   "metadata": {},
   "source": [
    "### Import and explore the data. Clean the data for outliers and missing values. "
   ]
  },
  {
   "cell_type": "code",
   "execution_count": 2,
   "metadata": {},
   "outputs": [],
   "source": [
    "# Your code here\n",
    "data = pd.read_csv('/Users/maxime/IronHack/Labs/module_3/11. Problem_in_ML/boston_data.csv')"
   ]
  },
  {
   "cell_type": "code",
   "execution_count": 3,
   "metadata": {},
   "outputs": [
    {
     "data": {
      "text/html": [
       "<div>\n",
       "<style scoped>\n",
       "    .dataframe tbody tr th:only-of-type {\n",
       "        vertical-align: middle;\n",
       "    }\n",
       "\n",
       "    .dataframe tbody tr th {\n",
       "        vertical-align: top;\n",
       "    }\n",
       "\n",
       "    .dataframe thead th {\n",
       "        text-align: right;\n",
       "    }\n",
       "</style>\n",
       "<table border=\"1\" class=\"dataframe\">\n",
       "  <thead>\n",
       "    <tr style=\"text-align: right;\">\n",
       "      <th></th>\n",
       "      <th>crim</th>\n",
       "      <th>zn</th>\n",
       "      <th>indus</th>\n",
       "      <th>chas</th>\n",
       "      <th>nox</th>\n",
       "      <th>rm</th>\n",
       "      <th>age</th>\n",
       "      <th>dis</th>\n",
       "      <th>rad</th>\n",
       "      <th>tax</th>\n",
       "      <th>ptratio</th>\n",
       "      <th>black</th>\n",
       "      <th>lstat</th>\n",
       "      <th>medv</th>\n",
       "    </tr>\n",
       "  </thead>\n",
       "  <tbody>\n",
       "    <tr>\n",
       "      <th>0</th>\n",
       "      <td>0.15876</td>\n",
       "      <td>0.0</td>\n",
       "      <td>10.81</td>\n",
       "      <td>0.0</td>\n",
       "      <td>0.413</td>\n",
       "      <td>5.961</td>\n",
       "      <td>17.5</td>\n",
       "      <td>5.2873</td>\n",
       "      <td>4.0</td>\n",
       "      <td>305.0</td>\n",
       "      <td>19.2</td>\n",
       "      <td>376.94</td>\n",
       "      <td>9.88</td>\n",
       "      <td>21.7</td>\n",
       "    </tr>\n",
       "    <tr>\n",
       "      <th>1</th>\n",
       "      <td>0.10328</td>\n",
       "      <td>25.0</td>\n",
       "      <td>5.13</td>\n",
       "      <td>0.0</td>\n",
       "      <td>0.453</td>\n",
       "      <td>5.927</td>\n",
       "      <td>47.2</td>\n",
       "      <td>6.9320</td>\n",
       "      <td>8.0</td>\n",
       "      <td>284.0</td>\n",
       "      <td>19.7</td>\n",
       "      <td>396.90</td>\n",
       "      <td>9.22</td>\n",
       "      <td>19.6</td>\n",
       "    </tr>\n",
       "    <tr>\n",
       "      <th>2</th>\n",
       "      <td>0.34940</td>\n",
       "      <td>0.0</td>\n",
       "      <td>9.90</td>\n",
       "      <td>0.0</td>\n",
       "      <td>0.544</td>\n",
       "      <td>5.972</td>\n",
       "      <td>76.7</td>\n",
       "      <td>3.1025</td>\n",
       "      <td>4.0</td>\n",
       "      <td>304.0</td>\n",
       "      <td>18.4</td>\n",
       "      <td>396.24</td>\n",
       "      <td>9.97</td>\n",
       "      <td>20.3</td>\n",
       "    </tr>\n",
       "    <tr>\n",
       "      <th>3</th>\n",
       "      <td>2.73397</td>\n",
       "      <td>0.0</td>\n",
       "      <td>19.58</td>\n",
       "      <td>0.0</td>\n",
       "      <td>0.871</td>\n",
       "      <td>5.597</td>\n",
       "      <td>94.9</td>\n",
       "      <td>1.5257</td>\n",
       "      <td>5.0</td>\n",
       "      <td>403.0</td>\n",
       "      <td>14.7</td>\n",
       "      <td>351.85</td>\n",
       "      <td>21.45</td>\n",
       "      <td>15.4</td>\n",
       "    </tr>\n",
       "    <tr>\n",
       "      <th>4</th>\n",
       "      <td>0.04337</td>\n",
       "      <td>21.0</td>\n",
       "      <td>5.64</td>\n",
       "      <td>0.0</td>\n",
       "      <td>0.439</td>\n",
       "      <td>6.115</td>\n",
       "      <td>63.0</td>\n",
       "      <td>6.8147</td>\n",
       "      <td>4.0</td>\n",
       "      <td>243.0</td>\n",
       "      <td>16.8</td>\n",
       "      <td>393.97</td>\n",
       "      <td>9.43</td>\n",
       "      <td>20.5</td>\n",
       "    </tr>\n",
       "  </tbody>\n",
       "</table>\n",
       "</div>"
      ],
      "text/plain": [
       "      crim    zn  indus  chas    nox     rm   age     dis  rad    tax  \\\n",
       "0  0.15876   0.0  10.81   0.0  0.413  5.961  17.5  5.2873  4.0  305.0   \n",
       "1  0.10328  25.0   5.13   0.0  0.453  5.927  47.2  6.9320  8.0  284.0   \n",
       "2  0.34940   0.0   9.90   0.0  0.544  5.972  76.7  3.1025  4.0  304.0   \n",
       "3  2.73397   0.0  19.58   0.0  0.871  5.597  94.9  1.5257  5.0  403.0   \n",
       "4  0.04337  21.0   5.64   0.0  0.439  6.115  63.0  6.8147  4.0  243.0   \n",
       "\n",
       "   ptratio   black  lstat  medv  \n",
       "0     19.2  376.94   9.88  21.7  \n",
       "1     19.7  396.90   9.22  19.6  \n",
       "2     18.4  396.24   9.97  20.3  \n",
       "3     14.7  351.85  21.45  15.4  \n",
       "4     16.8  393.97   9.43  20.5  "
      ]
     },
     "execution_count": 3,
     "metadata": {},
     "output_type": "execute_result"
    }
   ],
   "source": [
    "data.head()"
   ]
  },
  {
   "cell_type": "code",
   "execution_count": 4,
   "metadata": {},
   "outputs": [
    {
     "name": "stdout",
     "output_type": "stream",
     "text": [
      "<class 'pandas.core.frame.DataFrame'>\n",
      "RangeIndex: 404 entries, 0 to 403\n",
      "Data columns (total 14 columns):\n",
      " #   Column   Non-Null Count  Dtype  \n",
      "---  ------   --------------  -----  \n",
      " 0   crim     404 non-null    float64\n",
      " 1   zn       404 non-null    float64\n",
      " 2   indus    404 non-null    float64\n",
      " 3   chas     404 non-null    float64\n",
      " 4   nox      404 non-null    float64\n",
      " 5   rm       404 non-null    float64\n",
      " 6   age      404 non-null    float64\n",
      " 7   dis      404 non-null    float64\n",
      " 8   rad      404 non-null    float64\n",
      " 9   tax      404 non-null    float64\n",
      " 10  ptratio  404 non-null    float64\n",
      " 11  black    404 non-null    float64\n",
      " 12  lstat    404 non-null    float64\n",
      " 13  medv     404 non-null    float64\n",
      "dtypes: float64(14)\n",
      "memory usage: 44.3 KB\n"
     ]
    }
   ],
   "source": [
    "data.info()"
   ]
  },
  {
   "cell_type": "markdown",
   "metadata": {},
   "source": [
    "### Next, we want to explore the data. Pick several varibables you think will be most correlated with the prices of homes in Boston, and create plots that show the data dispersion as well as the regression line of best fit."
   ]
  },
  {
   "cell_type": "code",
   "execution_count": 5,
   "metadata": {
    "scrolled": true
   },
   "outputs": [
    {
     "data": {
      "text/html": [
       "<div>\n",
       "<style scoped>\n",
       "    .dataframe tbody tr th:only-of-type {\n",
       "        vertical-align: middle;\n",
       "    }\n",
       "\n",
       "    .dataframe tbody tr th {\n",
       "        vertical-align: top;\n",
       "    }\n",
       "\n",
       "    .dataframe thead th {\n",
       "        text-align: right;\n",
       "    }\n",
       "</style>\n",
       "<table border=\"1\" class=\"dataframe\">\n",
       "  <thead>\n",
       "    <tr style=\"text-align: right;\">\n",
       "      <th></th>\n",
       "      <th>crim</th>\n",
       "      <th>zn</th>\n",
       "      <th>indus</th>\n",
       "      <th>chas</th>\n",
       "      <th>nox</th>\n",
       "      <th>rm</th>\n",
       "      <th>age</th>\n",
       "      <th>dis</th>\n",
       "      <th>rad</th>\n",
       "      <th>tax</th>\n",
       "      <th>ptratio</th>\n",
       "      <th>black</th>\n",
       "      <th>lstat</th>\n",
       "      <th>medv</th>\n",
       "    </tr>\n",
       "  </thead>\n",
       "  <tbody>\n",
       "    <tr>\n",
       "      <th>crim</th>\n",
       "      <td>1.000000</td>\n",
       "      <td>-0.194770</td>\n",
       "      <td>0.404249</td>\n",
       "      <td>-0.060688</td>\n",
       "      <td>0.405290</td>\n",
       "      <td>-0.172226</td>\n",
       "      <td>0.349288</td>\n",
       "      <td>-0.376493</td>\n",
       "      <td>0.603044</td>\n",
       "      <td>0.565047</td>\n",
       "      <td>0.292092</td>\n",
       "      <td>-0.377436</td>\n",
       "      <td>0.428940</td>\n",
       "      <td>-0.400956</td>\n",
       "    </tr>\n",
       "    <tr>\n",
       "      <th>zn</th>\n",
       "      <td>-0.194770</td>\n",
       "      <td>1.000000</td>\n",
       "      <td>-0.532268</td>\n",
       "      <td>-0.037290</td>\n",
       "      <td>-0.497114</td>\n",
       "      <td>0.302404</td>\n",
       "      <td>-0.546587</td>\n",
       "      <td>0.659018</td>\n",
       "      <td>-0.311313</td>\n",
       "      <td>-0.289332</td>\n",
       "      <td>-0.371315</td>\n",
       "      <td>0.176350</td>\n",
       "      <td>-0.412075</td>\n",
       "      <td>0.355608</td>\n",
       "    </tr>\n",
       "    <tr>\n",
       "      <th>indus</th>\n",
       "      <td>0.404249</td>\n",
       "      <td>-0.532268</td>\n",
       "      <td>1.000000</td>\n",
       "      <td>0.059928</td>\n",
       "      <td>0.760913</td>\n",
       "      <td>-0.353589</td>\n",
       "      <td>0.630048</td>\n",
       "      <td>-0.702583</td>\n",
       "      <td>0.616375</td>\n",
       "      <td>0.722828</td>\n",
       "      <td>0.356549</td>\n",
       "      <td>-0.378189</td>\n",
       "      <td>0.608309</td>\n",
       "      <td>-0.501698</td>\n",
       "    </tr>\n",
       "    <tr>\n",
       "      <th>chas</th>\n",
       "      <td>-0.060688</td>\n",
       "      <td>-0.037290</td>\n",
       "      <td>0.059928</td>\n",
       "      <td>1.000000</td>\n",
       "      <td>0.100650</td>\n",
       "      <td>0.090146</td>\n",
       "      <td>0.084852</td>\n",
       "      <td>-0.103124</td>\n",
       "      <td>-0.022561</td>\n",
       "      <td>-0.043708</td>\n",
       "      <td>-0.121835</td>\n",
       "      <td>0.042580</td>\n",
       "      <td>-0.041061</td>\n",
       "      <td>0.141400</td>\n",
       "    </tr>\n",
       "    <tr>\n",
       "      <th>nox</th>\n",
       "      <td>0.405290</td>\n",
       "      <td>-0.497114</td>\n",
       "      <td>0.760913</td>\n",
       "      <td>0.100650</td>\n",
       "      <td>1.000000</td>\n",
       "      <td>-0.266114</td>\n",
       "      <td>0.728882</td>\n",
       "      <td>-0.762469</td>\n",
       "      <td>0.612115</td>\n",
       "      <td>0.660607</td>\n",
       "      <td>0.166715</td>\n",
       "      <td>-0.393876</td>\n",
       "      <td>0.587573</td>\n",
       "      <td>-0.439225</td>\n",
       "    </tr>\n",
       "    <tr>\n",
       "      <th>rm</th>\n",
       "      <td>-0.172226</td>\n",
       "      <td>0.302404</td>\n",
       "      <td>-0.353589</td>\n",
       "      <td>0.090146</td>\n",
       "      <td>-0.266114</td>\n",
       "      <td>1.000000</td>\n",
       "      <td>-0.210589</td>\n",
       "      <td>0.178700</td>\n",
       "      <td>-0.173222</td>\n",
       "      <td>-0.241733</td>\n",
       "      <td>-0.323330</td>\n",
       "      <td>0.128410</td>\n",
       "      <td>-0.578025</td>\n",
       "      <td>0.683541</td>\n",
       "    </tr>\n",
       "    <tr>\n",
       "      <th>age</th>\n",
       "      <td>0.349288</td>\n",
       "      <td>-0.546587</td>\n",
       "      <td>0.630048</td>\n",
       "      <td>0.084852</td>\n",
       "      <td>0.728882</td>\n",
       "      <td>-0.210589</td>\n",
       "      <td>1.000000</td>\n",
       "      <td>-0.734915</td>\n",
       "      <td>0.467341</td>\n",
       "      <td>0.503830</td>\n",
       "      <td>0.231820</td>\n",
       "      <td>-0.276469</td>\n",
       "      <td>0.602001</td>\n",
       "      <td>-0.390863</td>\n",
       "    </tr>\n",
       "    <tr>\n",
       "      <th>dis</th>\n",
       "      <td>-0.376493</td>\n",
       "      <td>0.659018</td>\n",
       "      <td>-0.702583</td>\n",
       "      <td>-0.103124</td>\n",
       "      <td>-0.762469</td>\n",
       "      <td>0.178700</td>\n",
       "      <td>-0.734915</td>\n",
       "      <td>1.000000</td>\n",
       "      <td>-0.503471</td>\n",
       "      <td>-0.526938</td>\n",
       "      <td>-0.206016</td>\n",
       "      <td>0.306445</td>\n",
       "      <td>-0.500912</td>\n",
       "      <td>0.264876</td>\n",
       "    </tr>\n",
       "    <tr>\n",
       "      <th>rad</th>\n",
       "      <td>0.603044</td>\n",
       "      <td>-0.311313</td>\n",
       "      <td>0.616375</td>\n",
       "      <td>-0.022561</td>\n",
       "      <td>0.612115</td>\n",
       "      <td>-0.173222</td>\n",
       "      <td>0.467341</td>\n",
       "      <td>-0.503471</td>\n",
       "      <td>1.000000</td>\n",
       "      <td>0.917344</td>\n",
       "      <td>0.487733</td>\n",
       "      <td>-0.468700</td>\n",
       "      <td>0.499279</td>\n",
       "      <td>-0.423508</td>\n",
       "    </tr>\n",
       "    <tr>\n",
       "      <th>tax</th>\n",
       "      <td>0.565047</td>\n",
       "      <td>-0.289332</td>\n",
       "      <td>0.722828</td>\n",
       "      <td>-0.043708</td>\n",
       "      <td>0.660607</td>\n",
       "      <td>-0.241733</td>\n",
       "      <td>0.503830</td>\n",
       "      <td>-0.526938</td>\n",
       "      <td>0.917344</td>\n",
       "      <td>1.000000</td>\n",
       "      <td>0.465997</td>\n",
       "      <td>-0.462250</td>\n",
       "      <td>0.542732</td>\n",
       "      <td>-0.495792</td>\n",
       "    </tr>\n",
       "    <tr>\n",
       "      <th>ptratio</th>\n",
       "      <td>0.292092</td>\n",
       "      <td>-0.371315</td>\n",
       "      <td>0.356549</td>\n",
       "      <td>-0.121835</td>\n",
       "      <td>0.166715</td>\n",
       "      <td>-0.323330</td>\n",
       "      <td>0.231820</td>\n",
       "      <td>-0.206016</td>\n",
       "      <td>0.487733</td>\n",
       "      <td>0.465997</td>\n",
       "      <td>1.000000</td>\n",
       "      <td>-0.194891</td>\n",
       "      <td>0.351408</td>\n",
       "      <td>-0.506313</td>\n",
       "    </tr>\n",
       "    <tr>\n",
       "      <th>black</th>\n",
       "      <td>-0.377436</td>\n",
       "      <td>0.176350</td>\n",
       "      <td>-0.378189</td>\n",
       "      <td>0.042580</td>\n",
       "      <td>-0.393876</td>\n",
       "      <td>0.128410</td>\n",
       "      <td>-0.276469</td>\n",
       "      <td>0.306445</td>\n",
       "      <td>-0.468700</td>\n",
       "      <td>-0.462250</td>\n",
       "      <td>-0.194891</td>\n",
       "      <td>1.000000</td>\n",
       "      <td>-0.388913</td>\n",
       "      <td>0.360071</td>\n",
       "    </tr>\n",
       "    <tr>\n",
       "      <th>lstat</th>\n",
       "      <td>0.428940</td>\n",
       "      <td>-0.412075</td>\n",
       "      <td>0.608309</td>\n",
       "      <td>-0.041061</td>\n",
       "      <td>0.587573</td>\n",
       "      <td>-0.578025</td>\n",
       "      <td>0.602001</td>\n",
       "      <td>-0.500912</td>\n",
       "      <td>0.499279</td>\n",
       "      <td>0.542732</td>\n",
       "      <td>0.351408</td>\n",
       "      <td>-0.388913</td>\n",
       "      <td>1.000000</td>\n",
       "      <td>-0.742695</td>\n",
       "    </tr>\n",
       "    <tr>\n",
       "      <th>medv</th>\n",
       "      <td>-0.400956</td>\n",
       "      <td>0.355608</td>\n",
       "      <td>-0.501698</td>\n",
       "      <td>0.141400</td>\n",
       "      <td>-0.439225</td>\n",
       "      <td>0.683541</td>\n",
       "      <td>-0.390863</td>\n",
       "      <td>0.264876</td>\n",
       "      <td>-0.423508</td>\n",
       "      <td>-0.495792</td>\n",
       "      <td>-0.506313</td>\n",
       "      <td>0.360071</td>\n",
       "      <td>-0.742695</td>\n",
       "      <td>1.000000</td>\n",
       "    </tr>\n",
       "  </tbody>\n",
       "</table>\n",
       "</div>"
      ],
      "text/plain": [
       "             crim        zn     indus      chas       nox        rm       age  \\\n",
       "crim     1.000000 -0.194770  0.404249 -0.060688  0.405290 -0.172226  0.349288   \n",
       "zn      -0.194770  1.000000 -0.532268 -0.037290 -0.497114  0.302404 -0.546587   \n",
       "indus    0.404249 -0.532268  1.000000  0.059928  0.760913 -0.353589  0.630048   \n",
       "chas    -0.060688 -0.037290  0.059928  1.000000  0.100650  0.090146  0.084852   \n",
       "nox      0.405290 -0.497114  0.760913  0.100650  1.000000 -0.266114  0.728882   \n",
       "rm      -0.172226  0.302404 -0.353589  0.090146 -0.266114  1.000000 -0.210589   \n",
       "age      0.349288 -0.546587  0.630048  0.084852  0.728882 -0.210589  1.000000   \n",
       "dis     -0.376493  0.659018 -0.702583 -0.103124 -0.762469  0.178700 -0.734915   \n",
       "rad      0.603044 -0.311313  0.616375 -0.022561  0.612115 -0.173222  0.467341   \n",
       "tax      0.565047 -0.289332  0.722828 -0.043708  0.660607 -0.241733  0.503830   \n",
       "ptratio  0.292092 -0.371315  0.356549 -0.121835  0.166715 -0.323330  0.231820   \n",
       "black   -0.377436  0.176350 -0.378189  0.042580 -0.393876  0.128410 -0.276469   \n",
       "lstat    0.428940 -0.412075  0.608309 -0.041061  0.587573 -0.578025  0.602001   \n",
       "medv    -0.400956  0.355608 -0.501698  0.141400 -0.439225  0.683541 -0.390863   \n",
       "\n",
       "              dis       rad       tax   ptratio     black     lstat      medv  \n",
       "crim    -0.376493  0.603044  0.565047  0.292092 -0.377436  0.428940 -0.400956  \n",
       "zn       0.659018 -0.311313 -0.289332 -0.371315  0.176350 -0.412075  0.355608  \n",
       "indus   -0.702583  0.616375  0.722828  0.356549 -0.378189  0.608309 -0.501698  \n",
       "chas    -0.103124 -0.022561 -0.043708 -0.121835  0.042580 -0.041061  0.141400  \n",
       "nox     -0.762469  0.612115  0.660607  0.166715 -0.393876  0.587573 -0.439225  \n",
       "rm       0.178700 -0.173222 -0.241733 -0.323330  0.128410 -0.578025  0.683541  \n",
       "age     -0.734915  0.467341  0.503830  0.231820 -0.276469  0.602001 -0.390863  \n",
       "dis      1.000000 -0.503471 -0.526938 -0.206016  0.306445 -0.500912  0.264876  \n",
       "rad     -0.503471  1.000000  0.917344  0.487733 -0.468700  0.499279 -0.423508  \n",
       "tax     -0.526938  0.917344  1.000000  0.465997 -0.462250  0.542732 -0.495792  \n",
       "ptratio -0.206016  0.487733  0.465997  1.000000 -0.194891  0.351408 -0.506313  \n",
       "black    0.306445 -0.468700 -0.462250 -0.194891  1.000000 -0.388913  0.360071  \n",
       "lstat   -0.500912  0.499279  0.542732  0.351408 -0.388913  1.000000 -0.742695  \n",
       "medv     0.264876 -0.423508 -0.495792 -0.506313  0.360071 -0.742695  1.000000  "
      ]
     },
     "execution_count": 5,
     "metadata": {},
     "output_type": "execute_result"
    }
   ],
   "source": [
    "# Your plots here\n",
    "data.corr()"
   ]
  },
  {
   "cell_type": "code",
   "execution_count": 26,
   "metadata": {},
   "outputs": [
    {
     "data": {
